\section{построения сетевых структур}
Рассмотрим пример СТРУКТУУУУР??? для сети, основанной УУ на матрице корреляций следующего набора акций NASDAQ: 
\begin{enumerate}
  \item AAPL (Apple)
  \item AMZN (Amazon)
  \item CZR (Caesars Entertainment Corporation)
  \item GOOG (Alphabet Inc.)
  \item LBTYA (Liberty Global)
  \item NAVI (Navient)
  \item PEP (PepsiCo Inc.)
  \item PTLA (Portola Pharmaceuticals)
  \item SFM (Source Filmmaker)
  \item XOG (Extraction Oil \& Gas)
\end{enumerate}
Имея данные о ценах этих акций за 2018-2019, рассчитаем их доходности и составим матрицу выборочной корреляции Пирсона $ ||s_{ij}|| $. Матрица будет иметь вид:

\kbordermatrix{\mbox{}&AAPL&AMZN&CZR&GOOG&LBTYA&NAVI&PEP&PTLA&SFM&XOG\\
AAPL&1.000&0.626&0.337&0.631&0.309&0.354&0.270&0.352&0.151&0.326\\
AMZN&0.626&1.000&0.451&0.702&0.334&0.337&0.181&0.341&0.152&0.279\\
CZR&0.337&0.451&1.000&0.422&0.278&0.358&0.143&0.276&0.086&0.232\\
GOOG&0.631&0.702&0.422&1.000&0.344&0.327&0.244&0.384&0.157&0.242\\
LBTYA&0.309&0.334&0.278&0.344&1.000&0.338&0.175&0.206&0.029&0.258\\
NAVI&0.354&0.337&0.358&0.327&0.338&1.000&0.156&0.276&0.189&0.310\\
PEP&0.270&0.181&0.143&0.244&0.175&0.156&1.000&0.115&0.042&0.075\\
PTLA&0.352&0.341&0.276&0.384&0.206&0.276&0.115&1.000&0.077&0.201\\
SFM&0.151&0.152&0.086&0.157&0.029&0.189&0.042&0.077&1.000&0.105\\
XOG&0.326&0.279&0.232&0.242&0.258&0.310&0.075&0.201&0.105&1.000\\
}
\bigskip
Соответствующий матрице граф представлен на рисунке 

Применив различные техники фильтрации, мы получим сетевые структуры, рпедставленные на рисунках 

TODO добавить рисунки и небольшие описания + хитмапу?